-1.930402 0.231243 1.533147 1.405880 -0.000699 4.783535 point_0_view_0_domain_fixatedpose
0.033474 -0.002227 1.533120 1.246286 -0.009245 -1.295718 point_0_view_1_domain_fixatedpose
-1.096474 0.124639 1.535375 1.360524 -0.009079 -1.441699 point_0_view_2_domain_fixatedpose
-2.597407 0.596107 1.526381 1.431553 -0.000616 4.690499 point_0_view_3_domain_fixatedpose
-3.327753 -0.166564 1.529651 1.451390 -0.007576 4.841590 point_0_view_4_domain_fixatedpose
-3.327753 -0.166564 1.529651 1.553051 -0.007922 5.029310 point_10_view_0_domain_fixatedpose
-1.096474 0.124639 1.535375 1.544473 0.008164 1.479585 point_10_view_1_domain_fixatedpose
0.033474 -0.002227 1.533120 1.559154 0.005917 1.468936 point_10_view_2_domain_fixatedpose
-3.327753 -0.166564 1.529651 1.607296 -0.007360 4.765807 point_11_view_0_domain_fixatedpose
-2.597407 0.596107 1.526381 1.614873 0.000655 4.574974 point_11_view_1_domain_fixatedpose
0.033474 -0.002227 1.533120 1.711261 -0.007541 -1.503889 point_11_view_2_domain_fixatedpose
-1.096474 0.124639 1.535375 1.640718 -0.008494 -1.593250 point_11_view_3_domain_fixatedpose
-1.930402 0.231243 1.533147 1.622608 0.000068 4.662064 point_11_view_4_domain_fixatedpose
-3.327753 -0.166564 1.529651 1.253265 0.007654 1.731782 point_12_view_0_domain_fixatedpose
0.033474 -0.002227 1.533120 1.472363 0.007679 1.653019 point_12_view_1_domain_fixatedpose
-1.930402 0.231243 1.533147 1.407893 0.001629 1.791453 point_12_view_2_domain_fixatedpose
-1.096474 0.124639 1.535375 1.442360 0.009118 1.712486 point_12_view_3_domain_fixatedpose
-1.096474 0.124639 1.535375 1.327907 0.006494 1.207183 point_13_view_0_domain_fixatedpose
0.033474 -0.002227 1.533120 1.410082 0.004067 1.294916 point_13_view_1_domain_fixatedpose
-1.930402 0.231243 1.533147 1.194074 -0.002862 1.062406 point_13_view_2_domain_fixatedpose
-1.096474 0.124639 1.535375 1.556934 0.009012 1.679690 point_14_view_0_domain_fixatedpose
-1.930402 0.231243 1.533147 1.553736 0.001373 1.749735 point_14_view_1_domain_fixatedpose
-3.327753 -0.166564 1.529651 1.538451 0.007426 1.645633 point_14_view_2_domain_fixatedpose
0.033474 -0.002227 1.533120 1.560673 0.007446 1.627185 point_14_view_3_domain_fixatedpose
-1.096474 0.124639 1.535375 1.251822 -0.007423 -0.415130 point_16_view_0_domain_fixatedpose
0.033474 -0.002227 1.533120 1.285484 -0.005643 0.441785 point_16_view_1_domain_fixatedpose
-1.930402 0.231243 1.533147 1.331146 -0.004112 -0.903650 point_16_view_2_domain_fixatedpose
-3.327753 -0.166564 1.529651 1.430981 -0.007767 4.926653 point_17_view_0_domain_fixatedpose
-1.096474 0.124639 1.535375 1.304742 -0.009476 -1.277847 point_17_view_1_domain_fixatedpose
-1.930402 0.231243 1.533147 1.368425 -0.001407 4.896882 point_17_view_2_domain_fixatedpose
-1.930402 0.231243 1.533147 1.225610 0.002120 4.331578 point_19_view_0_domain_fixatedpose
-3.327753 -0.166564 1.529651 1.347868 -0.006716 4.593939 point_19_view_1_domain_fixatedpose
-2.597407 0.596107 1.526381 1.311870 0.003610 4.300318 point_19_view_2_domain_fixatedpose
-1.930402 0.231243 1.533147 1.698030 -0.001430 1.303553 point_1_view_0_domain_fixatedpose
0.033474 -0.002227 1.533120 1.628818 0.005048 1.385435 point_1_view_1_domain_fixatedpose
-1.096474 0.124639 1.535375 1.654394 0.007449 1.351817 point_1_view_2_domain_fixatedpose
-2.597407 0.596107 1.526381 1.347680 0.004354 4.227866 point_20_view_0_domain_fixatedpose
-1.930402 0.231243 1.533147 1.270627 0.002691 4.233984 point_20_view_1_domain_fixatedpose
-3.327753 -0.166564 1.529651 1.375556 -0.006450 4.535312 point_20_view_2_domain_fixatedpose
0.033474 -0.002227 1.533120 1.691265 0.008171 1.709687 point_21_view_0_domain_fixatedpose
-1.930402 0.231243 1.533147 1.805501 0.002733 1.977457 point_21_view_1_domain_fixatedpose
-1.096474 0.124639 1.535375 1.739031 0.009387 1.816495 point_21_view_2_domain_fixatedpose
-1.930402 0.231243 1.533147 1.688707 0.002556 4.257346 point_22_view_0_domain_fixatedpose
-1.096474 0.124639 1.535375 1.748249 -0.004289 -2.213258 point_22_view_1_domain_fixatedpose
0.033474 -0.002227 1.533120 1.910026 0.009092 -3.082594 point_22_view_2_domain_fixatedpose
-2.597407 0.596107 1.526381 1.661201 0.004170 4.245942 point_22_view_3_domain_fixatedpose
-1.930402 0.231243 1.533147 1.395885 -0.000613 4.769808 point_23_view_0_domain_fixatedpose
0.033474 -0.002227 1.533120 1.218678 -0.009110 -1.313960 point_23_view_1_domain_fixatedpose
-3.327753 -0.166564 1.529651 1.444766 -0.007553 4.832707 point_23_view_2_domain_fixatedpose
-1.096474 0.124639 1.535375 1.346394 -0.009027 -1.457558 point_23_view_3_domain_fixatedpose
-2.597407 0.596107 1.526381 1.423668 -0.000469 4.677111 point_23_view_4_domain_fixatedpose
-1.930402 0.231243 1.533147 1.880626 -0.002020 4.997481 point_24_view_0_domain_fixatedpose
-3.327753 -0.166564 1.529651 1.728299 -0.007876 4.992617 point_24_view_1_domain_fixatedpose
-2.597407 0.596107 1.526381 1.793756 -0.001029 4.728085 point_24_view_2_domain_fixatedpose
-1.930402 0.231243 1.533147 1.359380 0.002317 4.298378 point_2_view_0_domain_fixatedpose
-2.597407 0.596107 1.526381 1.401612 0.003809 4.281137 point_2_view_1_domain_fixatedpose
-1.096474 0.124639 1.535375 1.289274 -0.005351 -2.085495 point_2_view_2_domain_fixatedpose
-1.096474 0.124639 1.535375 1.318223 0.009419 1.832078 point_3_view_0_domain_fixatedpose
-1.930402 0.231243 1.533147 1.238247 0.002744 1.979462 point_3_view_1_domain_fixatedpose
0.033474 -0.002227 1.533120 1.384476 0.008337 1.729438 point_3_view_2_domain_fixatedpose
0.033474 -0.002227 1.533120 1.453203 -0.005829 -1.681286 point_5_view_0_domain_fixatedpose
-1.930402 0.231243 1.533147 1.514064 0.000477 4.597472 point_5_view_1_domain_fixatedpose
-2.597407 0.596107 1.526381 1.524494 0.001103 4.534156 point_5_view_2_domain_fixatedpose
-3.327753 -0.166564 1.529651 1.529745 -0.007157 4.705200 point_5_view_3_domain_fixatedpose
-1.096474 0.124639 1.535375 1.497294 -0.008062 -1.681622 point_5_view_4_domain_fixatedpose
-1.096474 0.124639 1.535375 1.446866 -0.006131 -0.224729 point_6_view_0_domain_fixatedpose
0.033474 -0.002227 1.533120 1.477195 -0.003996 0.595443 point_6_view_1_domain_fixatedpose
-1.930402 0.231243 1.533147 1.475452 -0.004546 -0.809589 point_6_view_2_domain_fixatedpose
0.033474 -0.002227 1.533120 1.921119 0.010042 3.061154 point_7_view_0_domain_fixatedpose
-1.930402 0.231243 1.533147 1.698132 0.002676 4.236587 point_7_view_1_domain_fixatedpose
-1.096474 0.124639 1.535375 1.765251 -0.003902 -2.257714 point_7_view_2_domain_fixatedpose
-2.597407 0.596107 1.526381 1.667289 0.004329 4.230263 point_7_view_3_domain_fixatedpose
-1.930402 0.231243 1.533147 1.424933 0.001631 1.791833 point_8_view_0_domain_fixatedpose
-3.327753 -0.166564 1.529651 1.282230 0.007653 1.731426 point_8_view_1_domain_fixatedpose
0.033474 -0.002227 1.533120 1.483153 0.007673 1.652387 point_8_view_2_domain_fixatedpose
-1.096474 0.124639 1.535375 1.456080 0.009117 1.712202 point_8_view_3_domain_fixatedpose
-1.930402 0.231243 1.533147 1.534461 0.001028 1.694390 point_9_view_0_domain_fixatedpose
-1.096474 0.124639 1.535375 1.541468 0.008876 1.641071 point_9_view_1_domain_fixatedpose
-3.327753 -0.166564 1.529651 1.506039 0.007151 1.561958 point_9_view_2_domain_fixatedpose
0.033474 -0.002227 1.533120 1.548426 0.007199 1.600359 point_9_view_3_domain_fixatedpose
